-3509	54584.8	0
-3508	78505.6	0
-3507	35253.7	0.0036529
-3506	17723.8	0.489498
-3505	133339	6.8509
-3504	179629	40.9361
-3503	127777	143.521
-3502	60213	379.704
-3501	94215.7	802.491
-3500	107592	1497.63
-3499	106128	2530.27
-3498	122769	4019.93
-3497	93870.1	6096.51
-3496	107895	8850.8
-3495	150586	12176.4
-3494	168484	16076
-3493	216361	20592.4
-3492	151890	25668
-3491	177721	31156.3
-3490	182169	36956.5
-3489	256321	43040.3
-3488	228500	49390.5
-3487	123625	55973.8
-3486	148894	62619.2
-3485	154315	69373.9
-3484	184163	76383.1
-3483	149216	83497.7
-3482	141622	90696
-3481	139729	97997.1
-3480	123928	105412
-3479	234993	112581
-3478	275091	119566
-3477	256170	126429
-3476	265834	132752
-3475	408612	138593
-3474	791215	143857
-3473	1.57418e+06	148637
-3472	3.48741e+06	152887
-3471	6.68605e+06	156752
-3470	1.07169e+07	160574
-3469	1.46251e+07	164631
-3468	1.76636e+07	170182
-3467	1.96488e+07	179381
-3466	2.03858e+07	196619
-3465	1.9984e+07	229638
-3464	1.85206e+07	289719
-3463	1.66343e+07	391740
-3462	1.4602e+07	552491
-3461	1.29324e+07	789058
-3460	1.19589e+07	1.11639e+06
-3459	1.19202e+07	1.54579e+06
-3458	1.27105e+07	2.08316e+06
-3457	1.39354e+07	2.72695e+06
-3456	1.54979e+07	3.46867e+06
-3455	1.66059e+07	4.29318e+06
-3454	1.69424e+07	5.18037e+06
-3453	1.63335e+07	6.10617e+06
-3452	1.52648e+07	7.04575e+06
-3451	1.4169e+07	7.97614e+06
-3450	1.30944e+07	8.87737e+06
-3449	1.19141e+07	9.73351e+06
-3448	1.06009e+07	1.05326e+07
-3447	9.38005e+06	1.12667e+07
-3446	8.67394e+06	1.19303e+07
-3445	8.43205e+06	1.25205e+07
-3444	8.60177e+06	1.30354e+07
-3443	9.13256e+06	1.34743e+07
-3442	1.03178e+07	1.38363e+07
-3441	1.20552e+07	1.41204e+07
-3440	1.39651e+07	1.43255e+07
-3439	1.52974e+07	1.44514e+07
-3438	1.57048e+07	1.44996e+07
-3437	1.55317e+07	1.44733e+07
-3436	1.49082e+07	1.43785e+07
-3435	1.42241e+07	1.42254e+07
-3434	1.33752e+07	1.40267e+07
-3433	1.27924e+07	1.37973e+07
-3432	1.26871e+07	1.35531e+07
-3431	1.30139e+07	1.33095e+07
-3430	1.36047e+07	1.30803e+07
-3429	1.39154e+07	1.28766e+07
-3428	1.4042e+07	1.27068e+07
-3427	1.37824e+07	1.25752e+07
-3426	1.31809e+07	1.24836e+07
-3425	1.24116e+07	1.24312e+07
-3424	1.16118e+07	1.24156e+07
-3423	1.11344e+07	1.24324e+07
-3422	1.13183e+07	1.24765e+07
-3421	1.23366e+07	1.25419e+07
-3420	1.36703e+07	1.26223e+07
-3419	1.47876e+07	1.27115e+07
-3418	1.53599e+07	1.28025e+07
-3417	1.53929e+07	1.28889e+07
-3416	1.53407e+07	1.29656e+07
-3415	1.51036e+07	1.30294e+07
-3414	1.46857e+07	1.30791e+07
-3413	1.38688e+07	1.31155e+07
-3412	1.28246e+07	1.31413e+07
-3411	1.18081e+07	1.31599e+07
-3410	1.07105e+07	1.31757e+07
-3409	9.64761e+06	1.31927e+07
-3408	8.51119e+06	1.32142e+07
-3407	7.53233e+06	1.32427e+07
-3406	6.73213e+06	1.32782e+07
-3405	5.98597e+06	1.33187e+07
-3404	5.40097e+06	1.33598e+07
-3403	5.00063e+06	1.33954e+07
-3402	5.0975e+06	1.34176e+07
-3401	5.97368e+06	1.34177e+07
-3400	7.47348e+06	1.33876e+07
-3399	9.2181e+06	1.33188e+07
-3398	1.07487e+07	1.3205e+07
-3397	1.19681e+07	1.30408e+07
-3396	1.27677e+07	1.28239e+07
-3395	1.30961e+07	1.25555e+07
-3394	1.29413e+07	1.22406e+07
-3393	1.23581e+07	1.18881e+07
-3392	1.14831e+07	1.15103e+07
-3391	1.03787e+07	1.11217e+07
-3390	9.28629e+06	1.07385e+07
-3389	8.50579e+06	1.03762e+07
-3388	8.37243e+06	1.00493e+07
-3387	8.71931e+06	9.76929e+06
-3386	9.25467e+06	9.54406e+06
-3385	9.59215e+06	9.37734e+06
-3384	9.4938e+06	9.26832e+06
-3383	9.08209e+06	9.21255e+06
-3382	8.43574e+06	9.20232e+06
-3381	7.79808e+06	9.22858e+06
-3380	7.20229e+06	9.28186e+06
-3379	6.54151e+06	9.35281e+06
-3378	5.8284e+06	9.43243e+06
-3377	5.10551e+06	9.51253e+06
-3376	4.46602e+06	9.58599e+06
-3375	3.85636e+06	9.64653e+06
-3374	3.32803e+06	9.68882e+06
-3373	2.92407e+06	9.70838e+06
-3372	2.5484e+06	9.70147e+06
-3371	2.23144e+06	9.6647e+06
-3370	1.97551e+06	9.59512e+06
-3369	1.77444e+06	9.49017e+06
-3368	1.57271e+06	9.348e+06
-3367	1.39099e+06	9.16775e+06
-3366	1.3565e+06	8.94932e+06
-3365	1.22845e+06	8.69378e+06
-3364	1.13906e+06	8.40309e+06
-3363	1.06932e+06	8.07999e+06
-3362	1.06638e+06	7.72818e+06
-3361	1.02645e+06	7.35189e+06
-3360	1.02242e+06	6.95611e+06
-3359	981189	6.54611e+06
-3358	895172	6.1273e+06
-3357	845463	5.70525e+06
-3356	805945	5.28523e+06
-3355	778933	4.87238e+06
-3354	732810	4.4712e+06
-3353	639136	4.08573e+06
-3352	649370	3.71929e+06
-3351	743945	3.37449e+06
-3350	953391	3.05316e+06
-3349	1.16265e+06	2.75653e+06
-3348	1.35381e+06	2.48524e+06
-3347	1.52732e+06	2.23897e+06
-3346	1.68887e+06	2.01735e+06
-3345	1.96588e+06	1.81966e+06
-3344	2.26157e+06	1.64478e+06
-3343	2.48084e+06	1.4919e+06
-3342	2.5266e+06	1.36036e+06
-3341	2.4763e+06	1.24927e+06
-3340	2.46768e+06	1.15798e+06
-3339	2.55586e+06	1.08625e+06
-3338	2.80558e+06	1.03372e+06
-3337	3.27373e+06	1.00011e+06
-3336	4.23028e+06	985272
-3335	5.37369e+06	988632
-3334	6.53458e+06	1.00936e+06
-3333	7.52245e+06	1.04641e+06
-3332	8.19034e+06	1.09887e+06
-3331	8.56233e+06	1.1661e+06
-3330	8.57584e+06	1.24803e+06
-3329	8.44658e+06	1.34578e+06
-3328	8.16958e+06	1.46122e+06
-3327	7.73998e+06	1.59712e+06
-3326	7.06399e+06	1.75637e+06
-3325	6.202e+06	1.94171e+06
-3324	5.39178e+06	2.15535e+06
-3323	4.5894e+06	2.39837e+06
-3322	3.84802e+06	2.67024e+06
-3321	3.17447e+06	2.96855e+06
-3320	2.63817e+06	3.2891e+06
-3319	2.21573e+06	3.62536e+06
-3318	1.85454e+06	3.96917e+06
-3317	1.57038e+06	4.31064e+06
-3316	1.31885e+06	4.63932e+06
-3315	1.16016e+06	4.94488e+06
-3314	1.01013e+06	5.21693e+06
-3313	944914	5.44651e+06
-3312	841465	5.62623e+06
-3311	752495	5.75055e+06
-3310	687217	5.81596e+06
-3309	628155	5.82112e+06
-3308	610444	5.76709e+06
-3307	580450	5.6568e+06
-3306	527415	5.49494e+06
-3305	515518	5.28744e+06
-3304	520489	5.04133e+06
-3303	692952	4.7642e+06
-3302	933765	4.46391e+06
-3301	1.25963e+06	4.14817e+06
-3300	1.55475e+06	3.82437e+06
-3299	1.71635e+06	3.49944e+06
-3298	1.73424e+06	3.17944e+06
-3297	1.65985e+06	2.86987e+06
-3296	1.54403e+06	2.57556e+06
-3295	1.37939e+06	2.30073e+06
-3294	1.20638e+06	2.04889e+06
-3293	1.04897e+06	1.82285e+06
-3292	875529	1.62469e+06
-3291	762855	1.45532e+06
-3290	635765	1.31494e+06
-3289	563829	1.20275e+06
-3288	495745	1.11701e+06
-3287	436089	1.05537e+06
-3286	390243	1.01464e+06
-3285	341255	991296
-3284	336553	981507
-3283	307311	981305
-3282	266456	987048
-3281	247130	995228
-3280	234747	1.00294e+06
-3279	251530	1.00782e+06
-3278	235659	1.00798e+06
-3277	319596	1.00213e+06
-3276	499452	989611
-3275	733198	970179
-3274	921013	943931
-3273	970470	911526
-3272	982564	873785
-3271	959568	831839
-3270	856996	787145
-3269	768295	741314
-3268	720086	696258
-3267	796196	653698
-3266	1.07659e+06	615269
-3265	1.45187e+06	582291
-3264	1.82151e+06	555686
-3263	1.92735e+06	536138
-3262	1.91163e+06	523780
-3261	1.81201e+06	518542
-3260	1.70724e+06	520412
-3259	1.47936e+06	529465
-3258	1.21049e+06	545767
-3257	985900	569424
-3256	807274	600504
-3255	677260	638776
-3254	569103	683743
-3253	456872	734679
-3252	369158	790198
-3251	300810	848776
-3250	303237	908322
-3249	282344	966570
-3248	252018	1.02133e+06
-3247	189203	1.07015e+06
-3246	164338	1.11096e+06
-3245	195467	1.14205e+06
-3244	188354	1.16226e+06
-3243	161377	1.17086e+06
-3242	120569	1.16752e+06
-3241	101350	1.15251e+06
-3240	127496	1.12653e+06
-3239	100698	1.09059e+06
-3238	119869	1.04591e+06
-3237	93750.4	994052
-3236	93169.7	936592
-3235	82301	875007
-3234	96827.6	810935
-3233	98071	745824
-3232	104280	680981
-3231	93958.4	617531
-3230	129161	556431
-3229	275495	498529
-3228	591753	444323
-3227	1.24616e+06	394285
-3226	2.03221e+06	348607
-3225	2.73287e+06	307488
-3224	3.07467e+06	271029
-3223	3.08407e+06	239405
-3222	2.95739e+06	213198
-3221	2.71899e+06	193450
-3220	2.45915e+06	182055
-3219	2.21762e+06	181264
-3218	2.00912e+06	193593
-3217	1.83058e+06	221326
-3216	1.64425e+06	266074
-3215	1.4682e+06	328635
-3214	1.28506e+06	409014
-3213	1.09313e+06	506068
-3212	925925	617644
-3211	800036	740759
-3210	703007	871586
-3209	605431	1.00592e+06
-3208	493234	1.13901e+06
-3207	388978	1.26632e+06
-3206	349689	1.38379e+06
-3205	327191	1.48776e+06
-3204	311641	1.57536e+06
-3203	248111	1.64431e+06
-3202	190121	1.69321e+06
-3201	201189	1.7215e+06
-3200	176607	1.72912e+06
-3199	192375	1.71688e+06
-3198	165333	1.68619e+06
-3197	155160	1.63886e+06
-3196	152633	1.57702e+06
-3195	166921	1.5031e+06
-3194	249132	1.41963e+06
-3193	436725	1.32914e+06
-3192	823366	1.23408e+06
-3191	1.31748e+06	1.13671e+06
-3190	1.73454e+06	1.0392e+06
-3189	1.97264e+06	943377
-3188	1.98038e+06	851056
-3187	1.89845e+06	763856
-3186	1.72717e+06	683582
-3185	1.52338e+06	612222
-3184	1.27863e+06	551823
-3183	1.04069e+06	504429
-3182	855850	471569
-3181	693227	454418
-3180	574518	453413
-3179	466472	468147
-3178	389625	497584
-3177	336964	539742
-3176	305622	592048
-3175	283493	651406
-3174	266798	714421
-3173	284613	777575
-3172	386342	837453
-3171	661643	891199
-3170	986864	936378
-3169	1.2532e+06	971183
-3168	1.36278e+06	994433
-3167	1.355e+06	1.0057e+06
-3166	1.31453e+06	1.00529e+06
-3165	1.20846e+06	994242
-3164	1.04503e+06	974402
-3163	866390	948062
-3162	707989	917909
-3161	584190	886596
-3160	481370	856540
-3159	400818	829823
-3158	321028	807994
-3157	260682	791920
-3156	229706	781809
-3155	217515	777268
-3154	210691	777382
-3153	184934	780849
-3152	159426	785978
-3151	139921	791113
-3150	143711	794746
-3149	133577	795466
-3148	117545	792215
-3147	98291.9	784195
-3146	82658.4	770973
-3145	88516.1	752481
-3144	84337.9	728814
-3143	84301.2	700391
-3142	70850	667839
-3141	57231.2	631866
-3140	63179.7	593258
-3139	64861.2	552881
-3138	68635.6	511571
-3137	53985	470100
-3136	46621.5	429181
-3135	56765.3	389429
-3134	56278.3	351381
-3133	59367	315422
-3132	49196.9	281879
-3131	50847.3	250950
-3130	50804	222734
-3129	38594.9	197282
-3128	33807.3	174539
-3127	27045.8	154433
-3126	25156	136833
-3125	22930.2	121573
-3124	22972.1	108466
-3123	22048.2	97281.3
-3122	20032.4	87834.1
-3121	19654.4	79857.1
-3120	14782.8	73132.8
-3119	17218.6	67475.1
-3118	16252.7	62674.1
-3117	18268.5	58571.2
-3116	13522.9	54991
-3115	13228.9	51832.6
-3114	14950.8	48987.8
-3113	12431	46360.7
-3112	9659.24	43904.6
-3111	7265.45	41560.6
-3110	8525.32	39325.8
-3109	10373.2	37167.4
-3108	10373.2	35067.7
-3107	10373.2	33039.4
-3106	10373.2	31079.4
-3105	10373.2	29182.1
-3104	10373.2	27356.1
-3103	10373.2	25603.7
-3102	10373.2	23918.7
-3101	10373.2	22304.7
-3100	10373.2	20749.2
-3099	10373.2	19244.3
-3098	10373.2	17793.4
-3097	10373.2	16388.9
-3096	10373.2	15029.2
-3095	10373.2	13703.7
-3094	10373.2	12428.3
-3093	10373.2	11203.9
-3092	10373.2	10019.1
-3091	10373.2	8892.93
-3090	10373.2	7824.27
-3089	10373.2	6825.76
-3088	10373.2	5897.35
-3087	10373.2	5032.05
-3086	10373.2	4250.07
-3085	10373.2	3544.62
-3084	10373.2	2906.88
-3083	10373.2	2348.07
-3082	10373.2	1860.2
-3081	10373.2	1437.73
-3080	10373.2	1079.35
-3079	10373.2	778.796
-3078	10373.2	532.801
-3077	10373.2	331.912
-3076	10373.2	172.434
-3075	10373.2	51.9786
-3074	10373.2	-40.5749
-3073	10373.2	-107.558
-3072	10373.2	-149.584
-3071	10373.2	-177.933
-3070	10373.2	-192.928
-3069	10373.2	-194.072
-3068	10373.2	-190.421
-3067	10373.2	-181.655
-3066	10373.2	-167.327
-3065	10373.2	-152.13
-3064	10373.2	-135.754
-3063	10373.2	-119.474
-3062	10373.2	-103.96
-3061	10373.2	-89.1312
-3060	10373.2	-75.8224
-3059	10373.2	-63.8541
-3058	10373.2	-53.2583
-3057	10373.2	-44.1015
-3056	10373.2	-36.2656
-3055	10373.2	-29.6211
-3054	10373.2	-24.0252
-3053	10373.2	-19.4256
-3052	10373.2	-15.6618
-3051	10373.2	-12.5419
-3050	10373.2	-10.0463
-3049	10373.2	-8.04989
-3048	10373.2	-6.40538
-3047	10373.2	-5.1083
-3046	10373.2	-4.0703
-3045	10373.2	-3.209
-3044	10373.2	-2.52432
-3043	10373.2	-1.97035
-3042	10373.2	-1.50375
-3041	10373.2	-1.12417
-3040	10373.2	-0.811843
-3039	10373.2	-0.547684
-3038	10373.2	-0.330046
-3037	10373.2	-0.151334
-3036	10373.2	-0.00373217
-3035	10373.2	0.114752
-3034	10373.2	0.207646
-3033	10373.2	0.278927
-3032	10373.2	0.330265
-3031	10373.2	0.364458
-3030	10373.2	0.384429
-3029	10373.2	0.391202
-3028	10373.2	0.387655
-3027	10373.2	0.376384
-3026	10373.2	0.357824
-3025	10373.2	0.334406
-3024	10373.2	0.308319
-3023	10373.2	0.279584
-3022	10373.2	0.249961
-3021	10373.2	0.221018
-3020	10373.2	0.192427
-3019	10373.2	0.165255
-3018	10373.2	0.140315
-3017	10373.2	0.117244
-3016	10373.2	0.0964413
-3015	10373.2	0.0781416
-3014	10373.2	0.0621196
-3013	10373.2	0.048328
-3012	10373.2	0.0366861
-3011	10373.2	0.0270428
-3010	10373.2	0.0191399
-3009	10373.2	0.0127663
-3008	10373.2	0.00781374
-3007	10373.2	0.00401793
-3006	10373.2	0.00112506
-3005	10373.2	-0.00087222
-3004	10373.2	-0.00224749
-3003	10373.2	-0.00316984
-3002	10373.2	-0.00363179
-3001	10373.2	-0.00380894
-3000	10373.2	-0.00381829
-2999	10373.2	-0.00365591
-2998	10373.2	-0.00339773
-2997	10373.2	-0.00308589
-2996	10373.2	-0.00277247
-2995	10373.2	-0.00245324
-2994	10373.2	-0.00215361
-2993	10373.2	-0.00187396
-2992	10373.2	-0.00162484
-2991	10373.2	-0.00140497
-2990	10373.2	-0.00121179
-2989	10373.2	-0.00104433
-2988	10373.2	-0.000900959
-2987	10373.2	-0.000780606
-2986	10373.2	-0.000676939
-2985	10373.2	-0.000588756
-2984	10373.2	-0.000515156
-2983	10373.2	-0.000450506
-2982	10373.2	-0.000394734
-2981	10373.2	-0.00034752
-2980	10373.2	-0.000305087
-2979	10373.2	-0.000267514
-2978	10373.2	-0.000234647
-2977	10373.2	-0.00020477
-2976	10373.2	-0.000177669
-2975	10373.2	-0.000153018
-2974	10373.2	-0.000130614
-2973	10373.2	-0.00011028
-2972	10373.2	-9.19899e-05
-2971	10373.2	-7.58326e-05
-2970	10373.2	-6.15995e-05
-2969	10373.2	-4.92368e-05
-2968	10373.2	-3.85553e-05
-2967	10373.2	-2.9529e-05
-2966	10373.2	-2.20199e-05
-2965	10373.2	-1.59912e-05
-2964	10373.2	-1.11766e-05
-2963	10373.2	-7.46109e-06
-2962	10373.2	-4.66864e-06
-2961	10373.2	-2.71578e-06
-2960	10373.2	-1.44472e-06
-2959	10373.2	-5.19721e-07

-3505	41434.8	0
-3504	41434.8	0
-3503	14490.7	0.00277289
-3502	22356.5	0.367586
-3501	77142.1	4.67096
-3500	49202.4	24.2495
-3499	21692.9	72.9508
-3498	47312.1	179.593
-3497	43983.3	348.244
-3496	56335.6	644.642
-3495	84430	1052.42
-3494	36458.5	1681.96
-3493	40925.4	2531.77
-3492	35248.3	3635.39
-3491	122865	4951.6
-3490	103605	6556.01
-3489	155952	8463.41
-3488	44033	10599.1
-3487	67337	12989.2
-3486	99285.2	15547.8
-3485	260364	18329
-3484	158194	21363.7
-3483	89562.8	24586.9
-3482	108810	28067.8
-3481	128763	31688.9
-3480	169431	35642.7
-3479	139510	39717
-3478	173281	44169.4
-3477	151460	48992.1
-3476	129581	54018.6
-3475	186666	59207.3
-3474	216108	64677.7
-3473	286628	70344.8
-3472	208746	76016
-3471	210860	81835.6
-3470	412345	87627.9
-3469	851406	93492.4
-3468	1.75439e+06	99333.2
-3467	2.93299e+06	105244
-3466	4.29278e+06	111171
-3465	5.65724e+06	117399
-3464	6.86626e+06	124453
-3463	7.9707e+06	132859
-3462	8.40683e+06	144821
-3461	8.37412e+06	163517
-3460	7.90914e+06	193133
-3459	7.58323e+06	239301
-3458	7.64025e+06	308504
-3457	8.04484e+06	407444
-3456	8.44366e+06	542064
-3455	8.58364e+06	717343
-3454	8.63825e+06	936197
-3453	9.06063e+06	1.199e+06
-3452	1.02203e+07	1.50461e+06
-3451	1.17857e+07	1.84968e+06
-3450	1.33589e+07	2.22975e+06
-3449	1.43587e+07	2.63872e+06
-3448	1.48855e+07	3.06982e+06
-3447	1.51285e+07	3.51639e+06
-3446	1.49875e+07	3.97254e+06
-3445	1.46616e+07	4.4346e+06
-3444	1.40998e+07	4.90042e+06
-3443	1.36461e+07	5.37001e+06
-3442	1.34262e+07	5.84425e+06
-3441	1.36289e+07	6.32415e+06
-3440	1.44911e+07	6.81063e+06
-3439	1.54053e+07	7.30377e+06
-3438	1.60742e+07	7.8024e+06
-3437	1.59177e+07	8.30416e+06
-3436	1.51236e+07	8.80577e+06
-3435	1.38285e+07	9.30317e+06
-3434	1.23021e+07	9.79231e+06
-3433	1.05115e+07	1.02692e+07
-3432	8.8724e+06	1.07309e+07
-3431	7.49166e+06	1.11746e+07
-3430	6.29539e+06	1.1597e+07
-3429	5.28821e+06	1.19943e+07
-3428	4.41562e+06	1.23612e+07
-3427	3.85765e+06	1.26918e+07
-3426	3.4788e+06	1.2979e+07
-3425	3.4677e+06	1.32145e+07
-3424	4.13251e+06	1.33899e+07
-3423	5.38251e+06	1.34971e+07
-3422	7.16338e+06	1.35289e+07
-3421	8.81871e+06	1.34791e+07
-3420	1.01707e+07	1.33445e+07
-3419	1.09436e+07	1.31252e+07
-3418	1.11154e+07	1.2825e+07
-3417	1.08143e+07	1.24516e+07
-3416	1.0273e+07	1.20175e+07
-3415	9.702e+06	1.15386e+07
-3414	9.29584e+06	1.10337e+07
-3413	8.80722e+06	1.05224e+07
-3412	8.4234e+06	1.00239e+07
-3411	7.81269e+06	9.55622e+06
-3410	7.15156e+06	9.13387e+06
-3409	6.40065e+06	8.768e+06
-3408	5.70952e+06	8.46557e+06
-3407	5.07401e+06	8.22956e+06
-3406	4.53245e+06	8.0589e+06
-3405	4.14925e+06	7.94818e+06
-3404	4.30409e+06	7.88909e+06
-3403	5.00421e+06	7.87113e+06
-3402	6.21327e+06	7.88195e+06
-3401	7.52755e+06	7.90899e+06
-3400	8.65299e+06	7.93976e+06
-3399	9.36689e+06	7.96309e+06
-3398	9.54697e+06	7.96971e+06
-3397	9.37916e+06	7.95321e+06
-3396	9.13278e+06	7.91077e+06
-3395	8.8745e+06	7.843e+06
-3394	8.74202e+06	7.754e+06
-3393	8.65157e+06	7.6501e+06
-3392	8.56209e+06	7.53903e+06
-3391	8.19538e+06	7.42935e+06
-3390	7.49128e+06	7.3289e+06
-3389	6.61346e+06	7.24457e+06
-3388	5.81703e+06	7.18192e+06
-3387	5.06873e+06	7.14457e+06
-3386	4.35829e+06	7.13414e+06
-3385	3.68334e+06	7.14972e+06
-3384	3.12274e+06	7.18816e+06
-3383	2.6789e+06	7.24437e+06
-3382	2.28383e+06	7.31134e+06
-3381	1.97644e+06	7.38128e+06
-3380	1.80037e+06	7.44578e+06
-3379	1.66099e+06	7.49643e+06
-3378	1.69992e+06	7.5252e+06
-3377	1.69655e+06	7.52464e+06
-3376	1.8002e+06	7.48885e+06
-3375	1.8011e+06	7.41342e+06
-3374	1.73638e+06	7.29556e+06
-3373	1.68304e+06	7.13454e+06
-3372	1.60306e+06	6.93175e+06
-3371	1.66882e+06	6.69043e+06
-3370	1.82788e+06	6.41514e+06
-3369	2.33091e+06	6.11167e+06
-3368	2.97798e+06	5.78662e+06
-3367	3.53666e+06	5.4471e+06
-3366	3.78924e+06	5.09994e+06
-3365	3.7229e+06	4.75206e+06
-3364	3.60905e+06	4.4101e+06
-3363	3.54225e+06	4.08042e+06
-3362	3.63229e+06	3.76922e+06
-3361	3.76379e+06	3.48191e+06
-3360	3.82588e+06	3.22367e+06
-3359	3.83585e+06	2.99807e+06
-3358	3.87504e+06	2.80767e+06
-3357	3.92903e+06	2.65391e+06
-3356	3.91042e+06	2.53697e+06
-3355	3.74993e+06	2.45634e+06
-3354	3.42706e+06	2.41016e+06
-3353	3.13467e+06	2.39596e+06
-3352	2.94558e+06	2.41043e+06
-3351	2.80972e+06	2.44981e+06
-3350	2.71634e+06	2.50986e+06
-3349	2.69193e+06	2.5861e+06
-3348	2.64829e+06	2.67407e+06
-3347	2.56773e+06	2.76913e+06
-3346	2.40076e+06	2.86682e+06
-3345	2.21239e+06	2.96281e+06
-3344	1.92105e+06	3.05333e+06
-3343	1.64177e+06	3.13509e+06
-3342	1.39887e+06	3.2053e+06
-3341	1.23519e+06	3.26198e+06
-3340	1.08508e+06	3.30375e+06
-3339	930756	3.32943e+06
-3338	748248	3.33848e+06
-3337	650532	3.33074e+06
-3336	719070	3.30625e+06
-3335	832557	3.26536e+06
-3334	1.14424e+06	3.20865e+06
-3333	1.52985e+06	3.13676e+06
-3332	1.9081e+06	3.05065e+06
-3331	2.05838e+06	2.95144e+06
-3330	2.05597e+06	2.84047e+06
-3329	1.99053e+06	2.71964e+06
-3328	1.79293e+06	2.5914e+06
-3327	1.59023e+06	2.45873e+06
-3326	1.35421e+06	2.32482e+06
-3325	1.14344e+06	2.19335e+06
-3324	977696	2.06776e+06
-3323	826180	1.95091e+06
-3322	725989	1.8451e+06
-3321	640529	1.75211e+06
-3320	651638	1.67263e+06
-3319	840904	1.60646e+06
-3318	1.3021e+06	1.55282e+06
-3317	1.91409e+06	1.50993e+06
-3316	2.39929e+06	1.47581e+06
-3315	2.63034e+06	1.44808e+06
-3314	2.71652e+06	1.42432e+06
-3313	2.89728e+06	1.40275e+06
-3312	3.27618e+06	1.38234e+06
-3311	3.65678e+06	1.36297e+06
-3310	3.91921e+06	1.34519e+06
-3309	3.92628e+06	1.33057e+06
-3308	3.78488e+06	1.32095e+06
-3307	3.61382e+06	1.31821e+06
-3306	3.53697e+06	1.32482e+06
-3305	3.49406e+06	1.34327e+06
-3304	3.37521e+06	1.37573e+06
-3303	3.13993e+06	1.42384e+06
-3302	2.88277e+06	1.48842e+06
-3301	2.65301e+06	1.56937e+06
-3300	2.53433e+06	1.6656e+06
-3299	2.55428e+06	1.77533e+06
-3298	2.71247e+06	1.89599e+06
-3297	2.8629e+06	2.02455e+06
-3296	2.89845e+06	2.15748e+06
-3295	2.74577e+06	2.29084e+06
-3294	2.52369e+06	2.42067e+06
-3293	2.21338e+06	2.54335e+06
-3292	1.92936e+06	2.65596e+06
-3291	1.64858e+06	2.75626e+06
-3290	1.42253e+06	2.84273e+06
-3289	1.18579e+06	2.91452e+06
-3288	964032	2.97099e+06
-3287	785901	3.01186e+06
-3286	687697	3.03707e+06
-3285	614509	3.0468e+06
-3284	545250	3.04124e+06
-3283	474142	3.02055e+06
-3282	430621	2.98492e+06
-3281	407917	2.93466e+06
-3280	396663	2.87e+06
-3279	360419	2.79147e+06
-3278	347945	2.69993e+06
-3277	321740	2.59644e+06
-3276	325144	2.48235e+06
-3275	310471	2.35923e+06
-3274	355697	2.22891e+06
-3273	509097	2.09336e+06
-3272	820841	1.95454e+06
-3271	1.1814e+06	1.81446e+06
-3270	1.50687e+06	1.67505e+06
-3269	1.65587e+06	1.53819e+06
-3268	1.67027e+06	1.40563e+06
-3267	1.59402e+06	1.27908e+06
-3266	1.46876e+06	1.16038e+06
-3265	1.28819e+06	1.05144e+06
-3264	1.09635e+06	954138
-3263	913105	870242
-3262	760881	801141
-3261	637620	747753
-3260	531539	710440
-3259	445229	688851
-3258	377915	681982
-3257	329183	688180
-3256	304873	705208
-3255	257273	730467
-3254	232249	761051
-3253	190746	793938
-3252	170057	826333
-3251	165153	855665
-3250	163581	879816
-3249	137095	897168
-3248	107393	906502
-3247	92227	907174
-3246	95038.4	899024
-3245	97601.9	882282
-3244	96779.6	857519
-3243	68990.1	825626
-3242	62662.4	787644
-3241	61872.5	744757
-3240	63604.5	698167
-3239	61225.2	649116
-3238	52977.1	598799
-3237	46441.7	548222
-3236	40746.5	498377
-3235	45410.3	450057
-3234	53180.5	403864
-3233	46032.2	360374
-3232	45133.3	319909
-3231	42400.7	282669
-3230	45489.2	248815
-3229	40588.9	218350
-3228	32872.8	191181
-3227	31847.7	167201
-3226	29401.1	146256
-3225	31007	128103
-3224	37807.4	112518
-3223	56331.9	99254.9
-3222	98582.9	88033
-3221	143086	78612.2
-3220	189235	70741.1
-3219	210084	64200.8
-3218	214757	58794.2
-3217	201252	54378.3
-3216	184399	50876.9
-3215	164813	48244.7
-3214	137332	46556
-3213	111046	45889.2
-3212	88853.6	46290.8
-3211	74026.7	47850.6
-3210	63810.5	50584.5
-3209	40996.1	54454.8
-3208	33149.5	59351.4
-3207	27447	65124.4
-3206	24838	71542.3
-3205	22157.9	78312.5
-3204	19703.7	85148
-3203	15828.8	91714.5
-3202	13458.8	97705.9
-3201	13336	102858
-3200	12864.6	106945
-3199	11934.6	109821
-3198	9403.04	111381
-3197	7504.35	111594
-3196	8395.61	110476
-3195	7962.88	108118
-3194	8414.95	104631
-3193	6432.3	100158
-3192	5444.21	94882.9
-3191	5805.86	88970.2
-3190	6283.77	82624.2
-3189	6406.46	76013.4
-3188	5231.09	69286.5
-3187	4165.5	62615.9
-3186	5334.42	56116.4
-3185	5831.69	49884.2
-3184	6936.04	44014.9
-3183	5915.65	38564.2
-3182	5883.36	33567.6
-3181	5457.13	29050.3
-3180	5935.02	25016.2
-3179	5198.8	21460.2
-3178	4159.04	18363
-3177	3868.42	15699.2
-3176	3526.14	13443.9
-3175	3532.6	11555.1
-3174	3390.52	9995.04
-3173	3080.53	8733.57
-3172	3022.4	7719.09
-3171	2273.26	6918.41
-3170	2647.84	6300.66
-3169	2499.3	5823.65
-3168	2809.29	5462.77
-3167	2079.52	5191.12
-3166	2034.31	4983.13
-3165	2299.09	4821.97
-3164	1911.61	4690.56
-3163	1485.37	4576.34
-3162	1117.26	4470.79
-3161	1311	4366.54
-3160	1595.16	4258.8
-3159	1595.16	4146.54
-3158	1595.16	4025.37
-3157	1595.16	3896.58
-3156	1595.16	3760.98
-3155	1595.16	3617.23
-3154	1595.16	3467.57
-3153	1595.16	3312.14
-3152	1595.16	3152.06
-3151	1595.16	2986.82
-3150	1595.16	2816.03
-3149	1595.16	2642.57
-3148	1595.16	2466.15
-3147	1595.16	2287.16
-3146	1595.16	2106.63
-3145	1595.16	1927.56
-3144	1595.16	1750.36
-3143	1595.16	1575.86
-3142	1595.16	1407.11
-3141	1595.16	1243.89
-3140	1595.16	1090.22
-3139	1595.16	946.04
-3138	1595.16	810.211
-3137	1595.16	686.914
-3136	1595.16	575.047
-3135	1595.16	473.561
-3134	1595.16	384.337
-3133	1595.16	306.133
-3132	1595.16	238.299
-3131	1595.16	180.592
-3130	1595.16	132.06
-3129	1595.16	92.2215
-3128	1595.16	59.5992
-3127	15522.8	33.5969
-3126	15522.8	13.8189
-3125	15522.8	-1.45273
-3124	15522.8	-12.4775
-3123	23238	-18.0508
-3122	14829.9	-15.7099
-3121	14829.9	-0.886096
-3120	14829.9	35.0217
-3119	14829.9	87.7343
-3118	10302.4	174.567
-3117	12658.5	283.166
-3116	7484.24	445.469
-3115	7484.24	655.041
-3114	7484.24	913.741
-3113	11734.5	1189.81
-3112	14460.3	1500.86
-3111	8639.2	1851.22
-3110	8639.2	2213.86
-3109	8639.2	2598.36
-3108	14229.2	2960.55
-3107	14645.1	3333.87
-3106	7160.84	3703.25
-3105	7160.84	4053.76
-3104	7160.84	4378.9
-3103	6190.67	4681.85
-3102	1432.18	4983.72
-3101	6052.06	5244.78
-3100	1385.99	5489.28
-3099	5128.09	5731.21
-3098	1108.8	5921.33
-3097	6283.04	6079.35
-3096	7900.02	6220.07
-3095	16446.8	6319.78
-3094	17647.9	6366.17
-3093	28782.6	6373.09
-3092	85193	6359.69
-3091	234649	6297.79
-3090	540071	6217.33
-3089	899360	6122.93
-3088	1.20903e+06	6053.78
-3087	1.36629e+06	6078.42
-3086	1.38278e+06	6352.37
-3085	1.32604e+06	7209.44
-3084	1.20796e+06	9270.28
-3083	1.05338e+06	13517
-3082	877961	21135.7
-3081	713213	33437.3
-3080	574573	51594.1
-3079	457921	76505.4
-3078	369312	108675
-3077	293269	148156
-3076	237138	194430
-3075	196344	246437
-3074	177681	302670
-3073	158508	361217
-3072	140952	419964
-3071	113233	476626
-3070	96278.7	529073
-3069	95400.5	575481
-3068	92028.1	614304
-3067	85375.5	644454
-3066	67265.5	665224
-3065	53683.1	676365
-3064	60058.8	678039
-3063	56963.2	670720
-3062	60197.2	655193
-3061	46014	632471
-3060	38945.6	603695
-3059	41532.8	570076
-3058	44951.5	532856
-3057	45829.3	493241
-3056	37421.1	452365
-3055	29798.3	411228
-3054	38160.3	370710
-3053	41717.6	331557
-3052	49617.6	294347
-3051	42318.1	259545
-3050	42087.2	227438
-3049	39038.1	198217
-3048	42456.8	171962
-3047	37190.1	148660
-3046	29752.1	128253
-3045	27673.1	110590
-3044	25224.6	95513.6
-3043	25270.8	82817.3
-3042	24254.4	72251.3
-3041	22036.9	63606.4
-3040	21621.1	56608.3
-3039	16262	51023.4
-3038	18941.6	46627.9
-3037	17879	43196.1
-3036	20096.5	40550.1
-3035	14876.1	38494.3
-3034	14552.7	36885.3
-3033	16446.8	35600.4
-3032	13674.9	34528.5
-3031	10625.8	33585.4
-3030	7992.44	32709.6
-3029	9378.38	31855.5
-3028	11411.1	30987.4
-3027	11411.1	30098.1
-3026	11411.1	29156.9
-3025	11411.1	28172
-3024	11411.1	27148.1
-3023	11411.1	26074.4
-3022	11411.1	24966.6
-3021	11411.1	23824.3
-3020	11411.1	22653.9
-3019	11411.1	21451.6
-3018	11411.1	20213.7
-3017	11411.1	18959.4
-3016	11411.1	17686.7
-3015	11411.1	16397.7
-3014	11411.1	15099.2
-3013	11411.1	13812.4
-3012	11411.1	12540.1
-3011	11411.1	11287.7
-3010	11411.1	10077.2
-3009	11411.1	8906.77
-3008	11411.1	7805.04
-3007	11411.1	6771.64
-3006	11411.1	5798.29
-3005	11411.1	4914.87
-3004	11411.1	4113.47
-3003	11411.1	3386.56
-3002	11411.1	2747.56
-3001	11411.1	2187.59
-3000	11411.1	1701.95
-2999	11411.1	1288.89
-2998	11411.1	941.592
-2997	11411.1	656.584
-2996	11411.1	423.271
-2995	11411.1	237.387
-2994	11411.1	96.0771
-2993	11411.1	-12.9762
-2992	11411.1	-92.5908
-2991	11411.1	-143.749
-2990	11411.1	-178.889
-2989	11411.1	-198.563
-2988	11411.1	-202.454
-2987	11411.1	-200.534
-2986	11411.1	-192.587
-2985	11411.1	-178.247
-2984	11411.1	-162.678
-2983	11411.1	-145.607
-2982	11411.1	-128.505
-2981	11411.1	-112.107
-2980	11411.1	-96.3539
-2979	11411.1	-82.1926
-2978	11411.1	-69.4282
-2977	11411.1	-58.1073
-2976	11411.1	-48.3144
-2975	11411.1	-39.923
-2974	11411.1	-32.7964
-2973	11411.1	-26.7838
-2972	11411.1	-21.8305
-2971	11411.1	-17.7649
-2970	11411.1	-14.3811
-2969	11411.1	-11.6594
-2968	11411.1	-9.4673
-2967	11411.1	-7.64762
-2966	11411.1	-6.19614
-2965	11411.1	-5.02025
-2964	11411.1	-4.03328
-2963	11411.1	-3.23512
-2962	11411.1	-2.57857
-2961	11411.1	-2.01878
-2960	11411.1	-1.55482
-2959	11411.1	-1.16687
-2958	11411.1	-0.835359
-2957	11411.1	-0.558021
-2956	11411.1	-0.32714
-2955	11411.1	-0.134565
-2954	11411.1	0.0222579
-2953	11411.1	0.147256
-2952	11411.1	0.244938
-2951	11411.1	0.31739
-2950	11411.1	0.36811
-2949	11411.1	0.400658
-2948	11411.1	0.416338
-2947	11411.1	0.418759
-2946	11411.1	0.411192
-2945	11411.1	0.394126
-2944	11411.1	0.370695
-2943	11411.1	0.34358
-2942	11411.1	0.312791
-2941	11411.1	0.280558
-2940	11411.1	0.248796
-2939	11411.1	0.217137
-2938	11411.1	0.186879
-2937	11411.1	0.158987
-2936	11411.1	0.133146
-2935	11411.1	0.109788
-2934	11411.1	0.0892117
-2933	11411.1	0.0711706
-2932	11411.1	0.0556299
-2931	11411.1	0.0424974
-2930	11411.1	0.0316031
-2929	11411.1	0.0226614
-2928	11411.1	0.0154378
-2927	11411.1	0.00981153
-2926	11411.1	0.00548148
-2925	11411.1	0.00216716
-2924	11411.1	-0.000140607
-2923	11411.1	-0.0017518
-2922	11411.1	-0.00285236
-2921	11411.1	-0.00343417
-2920	11411.1	-0.00369575
-2919	11411.1	-0.00376582
-2918	11411.1	-0.00364058
-2917	11411.1	-0.0034051
-2916	11411.1	-0.00310608
-2915	11411.1	-0.00280134
-2914	11411.1	-0.00248655
-2913	11411.1	-0.00218998
-2912	11411.1	-0.00191204
-2911	11411.1	-0.00166424
-2910	11411.1	-0.00144549
-2909	11411.1	-0.00125306
-2908	11411.1	-0.0010862
-2907	11411.1	-0.000943146
-2906	11411.1	-0.000822947
-2905	11411.1	-0.0007187
-2904	11411.1	-0.000629513
-2903	11411.1	-0.000554584
-2902	11411.1	-0.000488001
-2901	11411.1	-0.000429821
-2900	11411.1	-0.000379946
-2899	11411.1	-0.00033477
-2898	11411.1	-0.000294282
-2897	11411.1	-0.000258127
-2896	11411.1	-0.00022526
-2895	11411.1	-0.000195447
-2894	11411.1	-0.000168329
-2893	11411.1	-0.000143684
-2892	11411.1	-0.000121314
-2891	11411.1	-0.000101195
-2890	11411.1	-8.34206e-05
-2889	11411.1	-6.77633e-05
-2888	11411.1	-5.41635e-05
-2887	11411.1	-4.24133e-05
-2886	11411.1	-3.24837e-05
-2885	11411.1	-2.42232e-05
-2884	11411.1	-1.75913e-05
-2883	11411.1	-1.2295e-05
-2882	11411.1	-8.20767e-06
-2881	11411.1	-5.1358e-06
-2880	11411.1	-2.98753e-06
-2879	11411.1	-1.58929e-06
-2878	11411.1	-5.71726e-07

-3504	190856	0
-3503	30842.8	0
-3502	30842.8	0.0127724
-3501	18342.4	1.69523
-3500	285716	21.7844
-3499	280583	114.576
-3498	75733.5	345.7
-3497	62871.4	831.165
-3496	60199.5	1557.9
-3495	204625	2743.09
-3494	319527	4297.03
-3493	276464	6624.78
-3492	218721	9787.87
-3491	55728.6	13822.3
-3490	224218	18466
-3489	390526	23904.3
-3488	439204	30365.9
-3487	207520	37641.8
-3486	124821	45902.9
-3485	309800	54672.9
-3484	379793	64228.5
-3483	389653	74575.4
-3482	319108	85380.9
-3481	248043	96791.2
-3480	241066	108596
-3479	255712	120949
-3478	378259	133273
-3477	303941	145824
-3476	303155	158802
-3475	234243	171385
-3474	307507	183784
-3473	384232	195997
-3472	499030	207806
-3471	494293	218924
-3470	633455	229314
-3469	1.35286e+06	239131
-3468	3.31572e+06	248166
-3467	7.41701e+06	256574
-3466	1.26026e+07	264252
-3465	1.73693e+07	271871
-3464	2.04919e+07	280194
-3463	2.21146e+07	291112
-3462	2.34731e+07	309225
-3461	2.47692e+07	343027
-3460	2.59698e+07	405900
-3459	2.67067e+07	515122
-3458	2.69045e+07	690993
-3457	2.71915e+07	953327
-3456	2.78821e+07	1.32038e+06
-3455	2.92355e+07	1.8083e+06
-3454	3.01679e+07	2.42962e+06
-3453	3.01189e+07	3.1915e+06
-3452	2.87585e+07	4.09536e+06
-3451	2.70536e+07	5.13666e+06
-3450	2.55016e+07	6.30488e+06
-3449	2.45553e+07	7.58556e+06
-3448	2.40174e+07	8.95963e+06
-3447	2.35602e+07	1.04051e+07
-3446	2.31695e+07	1.18983e+07
-3445	2.22499e+07	1.34125e+07
-3444	2.10844e+07	1.49202e+07
-3443	1.96701e+07	1.63935e+07
-3442	1.83842e+07	1.78065e+07
-3441	1.76889e+07	1.91359e+07
-3440	1.70149e+07	2.03607e+07
-3439	1.66032e+07	2.14641e+07
-3438	1.61531e+07	2.24317e+07
-3437	1.59916e+07	2.32527e+07
-3436	1.62044e+07	2.39197e+07
-3435	1.66156e+07	2.44298e+07
-3434	1.69646e+07	2.47838e+07
-3433	1.69442e+07	2.49865e+07
-3432	1.65833e+07	2.50451e+07
-3431	1.62559e+07	2.49696e+07
-3430	1.57863e+07	2.47732e+07
-3429	1.52585e+07	2.44708e+07
-3428	1.43396e+07	2.40795e+07
-3427	1.32751e+07	2.36171e+07
-3426	1.21293e+07	2.31012e+07
-3425	1.11797e+07	2.25492e+07
-3424	1.03123e+07	2.19761e+07
-3423	9.54669e+06	2.13955e+07
-3422	8.97728e+06	2.08179e+07
-3421	8.56146e+06	2.02508e+07
-3420	8.51363e+06	1.9699e+07
-3419	8.71897e+06	1.91634e+07
-3418	9.14467e+06	1.86434e+07
-3417	9.67521e+06	1.81363e+07
-3416	1.01605e+07	1.7638e+07
-3415	1.05297e+07	1.71446e+07
-3414	1.05235e+07	1.66522e+07
-3413	1.02544e+07	1.61586e+07
-3412	9.73771e+06	1.56624e+07
-3411	9.36654e+06	1.51648e+07
-3410	9.20754e+06	1.46688e+07
-3409	9.16384e+06	1.41784e+07
-3408	9.29828e+06	1.36988e+07
-3407	9.77043e+06	1.32354e+07
-3406	1.02918e+07	1.27931e+07
-3405	1.05228e+07	1.23758e+07
-3404	1.00389e+07	1.19873e+07
-3403	9.46215e+06	1.16296e+07
-3402	9.07573e+06	1.13045e+07
-3401	8.88875e+06	1.10128e+07
-3400	8.71528e+06	1.07546e+07
-3399	8.33813e+06	1.05298e+07
-3398	7.73535e+06	1.03373e+07
-3397	7.00805e+06	1.01746e+07
-3396	6.36841e+06	1.0039e+07
-3395	5.89228e+06	9.9269e+06
-3394	5.54842e+06	9.83487e+06
-3393	5.20321e+06	9.75855e+06
-3392	4.9637e+06	9.69293e+06
-3391	4.953e+06	9.63253e+06
-3390	5.21178e+06	9.5718e+06
-3389	5.58304e+06	9.50519e+06
-3388	5.91501e+06	9.42711e+06
-3387	6.06172e+06	9.33324e+06
-3386	5.94591e+06	9.22011e+06
-3385	5.71357e+06	9.0858e+06
-3384	5.48878e+06	8.92944e+06
-3383	5.45096e+06	8.75157e+06
-3382	5.46048e+06	8.55484e+06
-3381	5.45522e+06	8.34272e+06
-3380	5.2722e+06	8.11923e+06
-3379	4.90903e+06	7.88919e+06
-3378	4.46373e+06	7.65715e+06
-3377	3.94817e+06	7.42729e+06
-3376	3.43793e+06	7.20368e+06
-3375	2.986e+06	6.9896e+06
-3374	2.6825e+06	6.78762e+06
-3373	2.64205e+06	6.599e+06
-3372	2.88573e+06	6.42379e+06
-3371	3.38883e+06	6.26102e+06
-3370	3.84144e+06	6.10869e+06
-3369	4.19213e+06	5.96413e+06
-3368	4.51458e+06	5.82435e+06
-3367	4.74528e+06	5.68648e+06
-3366	4.8189e+06	5.54818e+06
-3365	4.63062e+06	5.40807e+06
-3364	4.21258e+06	5.26567e+06
-3363	3.7906e+06	5.12178e+06
-3362	3.34388e+06	4.97828e+06
-3361	2.93072e+06	4.83752e+06
-3360	2.51717e+06	4.70256e+06
-3359	2.16906e+06	4.57619e+06
-3358	1.91632e+06	4.46067e+06
-3357	1.69119e+06	4.35746e+06
-3356	1.51686e+06	4.26691e+06
-3355	1.36305e+06	4.18828e+06
-3354	1.22747e+06	4.11973e+06
-3353	1.06305e+06	4.05853e+06
-3352	1.00846e+06	4.00127e+06
-3351	1.1148e+06	3.94444e+06
-3350	1.33812e+06	3.8847e+06
-3349	1.6083e+06	3.81855e+06
-3348	1.78628e+06	3.74322e+06
-3347	1.90654e+06	3.65683e+06
-3346	1.9152e+06	3.55808e+06
-3345	1.82533e+06	3.44682e+06
-3344	1.65486e+06	3.32375e+06
-3343	1.45424e+06	3.19066e+06
-3342	1.29124e+06	3.05016e+06
-3341	1.21486e+06	2.90516e+06
-3340	1.15659e+06	2.759e+06
-3339	1.11155e+06	2.61479e+06
-3338	1.00739e+06	2.47543e+06
-3337	939811	2.34331e+06
-3336	893061	2.22008e+06
-3335	903598	2.10682e+06
-3334	1.01339e+06	2.00412e+06
-3333	1.12033e+06	1.91179e+06
-3332	1.23933e+06	1.82911e+06
-3331	1.2813e+06	1.75515e+06
-3330	1.26598e+06	1.68864e+06
-3329	1.29589e+06	1.62836e+06
-3328	1.40966e+06	1.57328e+06
-3327	1.61826e+06	1.52252e+06
-3326	1.70101e+06	1.4756e+06
-3325	1.66703e+06	1.43221e+06
-3324	1.59578e+06	1.39217e+06
-3323	1.52921e+06	1.35562e+06
-3322	1.57103e+06	1.32274e+06
-3321	1.71122e+06	1.29404e+06
-3320	1.88808e+06	1.27011e+06
-3319	2.04509e+06	1.25144e+06
-3318	2.10172e+06	1.23838e+06
-3317	2.02439e+06	1.23095e+06
-3316	1.8808e+06	1.22926e+06
-3315	1.67257e+06	1.23318e+06
-3314	1.44492e+06	1.24265e+06
-3313	1.22398e+06	1.25765e+06
-3312	1.05815e+06	1.27797e+06
-3311	893925	1.30332e+06
-3310	736318	1.333e+06
-3309	577308	1.36607e+06
-3308	489887	1.40123e+06
-3307	440294	1.43706e+06
-3306	411746	1.47197e+06
-3305	453226	1.50401e+06
-3304	569461	1.53136e+06
-3303	744771	1.55228e+06
-3302	877711	1.56494e+06
-3301	949414	1.56807e+06
-3300	956439	1.56083e+06
-3299	919425	1.54284e+06
-3298	861403	1.5144e+06
-3297	769771	1.47636e+06
-3296	775157	1.43013e+06
-3295	963069	1.37751e+06
-3294	1.46238e+06	1.32047e+06
-3293	2.06282e+06	1.26098e+06
-3292	2.57426e+06	1.20101e+06
-3291	2.81612e+06	1.14229e+06
-3290	2.81721e+06	1.08644e+06
-3289	2.69461e+06	1.03495e+06
-3288	2.46674e+06	989446
-3287	2.14561e+06	951968
-3286	1.79453e+06	924460
-3285	1.47571e+06	908885
-3284	1.21328e+06	906842
-3283	1.00345e+06	919358
-3282	822661	946762
-3281	668195	988548
-3280	551363	1.04327e+06
-3279	475974	1.10858e+06
-3278	437361	1.18145e+06
-3277	385090	1.25824e+06
-3276	347292	1.33502e+06
-3275	281713	1.40768e+06
-3274	250206	1.47243e+06
-3273	244788	1.52613e+06
-3272	242061	1.56617e+06
-3271	221107	1.59078e+06
-3270	175951	1.59893e+06
-3269	144649	1.59034e+06
-3268	163283	1.56554e+06
-3267	163805	1.5256e+06
-3266	174016	1.47203e+06
-3265	134316	1.40683e+06
-3264	129593	1.33213e+06
-3263	164334	1.2502e+06
-3262	257279	1.16328e+06
-3261	435288	1.07359e+06
-3260	629500	983150
-3259	800627	893755
-3258	895631	806983
-3257	912901	724182
-3256	893691	646503
-3255	810169	575079
-3254	717985	510874
-3253	607102	454837
-3252	526131	407790
-3251	457220	370299
-3250	423852	342680
-3249	421690	324864
-3248	421039	316546
-3247	413828	316958
-3246	388858	325002
-3245	362992	339403
-3244	330660	358585
-3243	286421	381013
-3242	248188	405077
-3241	203835	429309
-3240	185420	452466
-3239	155139	473433
-3238	136506	491373
-3237	117210	505621
-3236	95058.1	515775
-3235	86668.3	521591
-3234	76951.4	522978
-3233	78409.7	520021
-3232	70997.5	512905
-3231	41103.6	501921
-3230	39944.3	487387
-3229	41833.3	469759
-3228	41818.2	449504
-3227	35771.9	427101
-3226	28370.8	403058
-3225	31174	377848
-3224	34297.9	351951
-3223	38493.5	325774
-3222	34676.3	299721
-3221	32285.2	274147
-3220	29352.7	249337
-3219	31792.4	225550
-3218	29210.7	202973
-3217	24936.8	181800
-3216	22367	162134
-3215	19702.7	144040
-3214	21059	127575
-3213	21021.3	112704
-3212	20960.9	99442.3
-3211	19554.2	87699.8
-3210	16337.6	77361.3
-3209	17443	68378.2
-3208	17355.8	60613.2
-3207	17834.6	53937.7
-3206	13555	48250.3
-3205	13032.7	43425.4
-3204	13767.5	39349.5
-3203	12130.1	35920.7
-3202	10159.4	33037
-3201	8244.46	30616.9
-3200	9000.73	28570.3
-3199	9355.22	26831.3
-3198	3010.18	25352.1
-3197	2841.31	24055.7
-3196	3193.72	22912.9
-3195	2364.09	21893.3
-3194	2312.7	20944.4
-3193	2613.71	20054.6
-3192	2173.2	19206.7
-3191	1688.64	18372.6
-3190	1270.15	17540.6
-3189	1490.41	16702
-3188	1813.45	15853
-3187	1813.45	14991.8
-3186	1813.45	14112.2
-3185	1813.45	13218
-3184	1813.45	12323.1
-3183	1813.45	11425.5
-3182	1813.45	10531.4
-3181	1813.45	9653.7
-3180	1813.45	8792.27
-3179	1813.45	7963.76
-3178	1813.45	7167.65
-3177	1813.45	6402.39
-3176	1813.45	5685.49
-3175	1813.45	5012.97
-3174	1813.45	4381.79
-3173	1813.45	3803.38
-3172	1813.45	3273.13
-3171	1813.45	2789.44
-3170	1813.45	2354.76
-3169	1813.45	1964.94
-3168	1813.45	1622.63
-3167	1813.45	1321.49
-3166	1813.45	1057.76
-3165	1813.45	834.576
-3164	1813.45	643.382
-3163	1813.45	481.344
-3162	1813.45	350.052
-3161	1813.45	240.718
-3160	1813.45	152.283
-3159	1813.45	84.6737
-3158	1813.45	30.8949
-3157	1813.45	-9.46846
-3156	1813.45	-37.8751
-3155	1813.45	-58.0616
-3154	1813.45	-70.3134
-3153	1813.45	-77.4532
-3152	1813.45	-80.3631
-3151	1813.45	-79.1562
-3150	1813.45	-76.3656
-3149	1813.45	-71.9624
-3148	1813.45	-65.9178
-3147	1813.45	-59.8617
-3146	1813.45	-53.6849
-3145	1813.45	-47.2441
-3144	1813.45	-41.2669
-3143	1813.45	-35.6785
-3142	1813.45	-30.6082
-3141	1813.45	-26.0493
-3140	1813.45	-21.9811
-3139	1813.45	-18.475
-3138	1813.45	-15.4062
-3137	1813.45	-12.7802
-3136	1813.45	-10.5557
-3135	1813.45	-8.66117
-3134	1813.45	-7.07537
-3133	1813.45	-5.74691
-3132	1813.45	-4.64089
-3131	1813.45	-3.7298
-3130	1813.45	-2.96971
-3129	1813.45	-2.34643
-3128	1813.45	-1.83758
-3127	1813.45	-1.4142
-3126	1813.45	-1.07113
-3125	1813.45	-0.792121
-3124	1813.45	-0.561441
-3123	1813.45	-0.376634
-3122	1813.45	-0.228956
-3121	1813.45	-0.10936
-3120	1813.45	-0.0156731
-3119	1813.45	0.055925
-3118	1813.45	0.110694
-3117	1813.45	0.150883
-3116	1813.45	0.178013
-3115	1813.45	0.195214
-3114	1813.45	0.204488
-3113	1813.45	0.206472
-3112	1813.45	0.203206
-3111	1813.45	0.196162
-3110	1813.45	0.185681
-3109	1813.45	0.173112
-3108	1813.45	0.159235
-3107	1813.45	0.14444
-3106	1813.45	0.129514
-3105	1813.45	0.114712
-3104	1813.45	0.100386
-3103	1813.45	0.0869487
-3102	1813.45	0.0743464
-3101	1813.45	0.0628336
-3100	1813.45	0.052547
-3099	1813.45	0.0432896
-3098	1813.45	0.0351969
-3097	1813.45	0.0282439
-3096	1813.45	0.0222145
-3095	1813.45	0.0171724
-3094	1813.45	0.0129807
-3093	1813.45	0.00949062
-3092	1813.45	0.00670159
-3091	1813.45	0.00448161
-3090	1813.45	0.00272725
-3089	1813.45	0.00139597
-3088	1813.45	0.000400094
-3087	1813.45	-0.000306717
-3086	1813.45	-0.000806398
-3085	1813.45	-0.00114059
-3084	1813.45	-0.00132736
-3083	1813.45	-0.00141589
-3082	1813.45	-0.00144185
-3081	1813.45	-0.00140345
-3080	1813.45	-0.00133084
-3079	1813.45	-0.00124296
-3078	1813.45	-0.00113818
-3077	1813.45	-0.00102944
-3076	1813.45	-0.000920062
-3075	1813.45	-0.000818713
-3074	1813.45	-0.000724228
-3073	1813.45	-0.000637589
-3072	1813.45	-0.000558898
-3071	1813.45	-0.000489925
-3070	1813.45	-0.000428355
-3069	1813.45	-0.00037375
-3068	1813.45	-0.000325779
-3067	1813.45	-0.000283543
-3066	1813.45	-0.000246752
-3065	1813.45	-0.000214095
-3064	1813.45	-0.000185298
-3063	1813.45	-0.000160117
-3062	1813.45	-0.000137597
-3061	1813.45	-0.000117805
-3060	1813.45	-0.000100589
-3059	1813.45	-8.53398e-05
-3058	1813.45	-7.19333e-05
-3057	1813.45	-6.02957e-05
-3056	1813.45	-5.01711e-05
-3055	1813.45	-4.14983e-05
-3054	1813.45	-3.4046e-05
-3053	1813.45	-2.77042e-05
-3052	1813.45	-2.23266e-05
-3051	1813.45	-1.78544e-05
-3050	1813.45	-1.42002e-05
-3049	1813.45	-1.11081e-05
-3048	1813.45	-8.60763e-06
-3047	1813.45	-6.74029e-06
-3046	1813.45	-5.16229e-06
-3045	1813.45	-3.84954e-06
-3044	1813.45	-2.7956e-06
-3043	1813.45	-1.95391e-06
-3042	1813.45	-1.30436e-06
-3041	1813.45	-8.16177e-07
-3040	1813.45	-4.74776e-07
-3039	1813.45	-2.52568e-07
-3038	1813.45	-9.08583e-08

50	50	50
50	50	50
49	49	51
49	49	50
50	50	49
51	50	51
51	50	49
50	50	51
50	50	50
50	50	49
51	50	50
50	50	50
50	50	50
50	50	49
50	50	50
50	49	50
50	49	50
51	50	50
50	50	50
50	50	50
49	50	51
49	51	50
50	50	50
50	49	51
50	51	50
51	51	50
50	50	49
50	50	50
50	50	50
50	50	50
49	49	50
49	50	50
50	50	50
50	49	49
50	50	51
49	50	49
50	50	50
50	51	50
50	49	50
50	50	50
50	49	50
50	51	50
50	51	50
51	52	50
50	50	49
50	50	50
50	50	50
50	50	51
50	50	50
51	50	50
51	51	50
50	50	49
50	49	50
50	50	50
49	50	50
49	50	50
50	50	50
50	50	49
50	51	50
50	50	49
50	51	50
50	50	51
49	50	51
49	50	50
50	50	51
51	50	50
51	50	51
51	50	49
50	50	50
51	50	49
50	50	49
50	50	50
51	50	51
51	49	49
49	49	51
51	49	50
50	50	50
50	50	51
50	50	50
49	50	50
51	50	50
50	50	50
51	49	49
50	49	50
50	51	50
51	51	50
50	49	50
50	51	50
50	50	51
50	50	50
50	50	50
50	50	49
51	50	50
49	50	50
50	50	50
50	50	49
50	51	49
50	49	51
49	50	50
50	50	50
50	50	50
49	50	50
51	50	50
50	50	51
51	50	50
50	50	49
50	50	51
49	50	50
50	49	49
51	50	50
49	50	50
49	49	50
50	50	50
50	50	50
50	50	50
50	51	50
50	51	50
49	51	51
50	50	51
50	50	49
49	51	50
50	50	50
50	51	51
50	50	50
50	50	51
50	49	50
50	49	51
50	50	50
51	50	50
50	50	49
50	50	50
51	50	50
50	50	50
50	50	50
50	50	49
50	51	50
50	50	50
50	50	50
50	49	50
50	50	50
50	49	50
49	49	50
50	49	49
50	50	49
49	50	50
50	50	50
49	50	50
51	50	50
50	50	49
49	50	50
51	50	50
50	50	50
51	50	50
51	50	50
50	50	51
49	49	50
49	50	50
49	51	50
49	50	50
50	50	49
50	50	51
50	50	50
50	50	50
51	50	50
49	50	50
50	51	49
50	51	49
49	50	50
50	50	50
50	50	49
51	49	50
50	50	50
50	49	49
50	50	50
50	50	50
50	50	49
50	49	50
50	49	50
49	50	49
51	51	50
51	50	50
50	50	51
50	50	50
50	50	49
49	50	50
50	50	50
50	50	50
50	50	50
50	50	49
50	49	49
50	50	50
50	50	50
49	50	51
51	50	49
50	50	50
50	51	49
50	50	49
49	51	51
50	49	50
50	50	50
50	50	50
50	51	49
50	50	50
51	49	50
49	49	49
50	51	50
50	49	50
50	49	49
50	50	51
50	51	51
51	50	50
49	51	49
50	50	51
50	50	51
49	50	50
50	50	50
51	50	50
51	51	49
50	50	50
50	50	49
51	50	51
50	49	50
49	50	50
50	50	49
50	50	50
50	50	49
50	51	50
50	50	50
49	50	51
50	49	50
50	50	51
50	51	49
50	50	50
50	50	50
50	50	49
51	49	50
49	50	49
50	50	49
50	50	51
50	50	49
50	50	51
51	50	51
50	50	50
50	49	50
56	50	52
104	88	146
101	84	105
87	77	84
75	61	67
52	63	57
71	55	55
53	61	53
52	52	52
53	50	52
54	50	49
52	50	50
53	49	50
51	49	51
50	50	49
51	50	50
50	52	49
49	50	51
50	49	50
50	50	51
49	50	51
51	50	50
49	49	51
50	50	50
50	49	50
50	50	51
50	50	50
50	50	50
50	50	51
50	51	50
50	50	50
51	50	49
51	50	50
50	50	50
50	49	49
50	50	51
49	50	50
51	50	50
50	50	50
50	50	50
50	50	50
50	50	50
49	50	50
50	50	50
50	51	50
50	49	50
49	49	50
51	49	50
50	50	49
50	50	50
50	51	50
51	50	50
50	50	50
50	50	50
51	50	50
51	51	50
50	51	50
50	51	50
50	50	49
49	50	51
51	50	49
50	50	50
50	50	50
50	50	50
51	50	50
50	50	50
50	49	51
50	50	50
50	50	50
51	50	49
49	50	50
51	50	50
49	50	50
50	50	51
50	51	50
50	50	51
50	50	50
50	50	50
51	50	50
51	50	50
50	51	50
49	50	49
50	50	51
51	51	50
51	50	50
51	51	50
51	50	50
51	49	50
49	50	50
50	50	50
49	50	51
49	50	50
50	50	50
50	50	50
51	50	50
50	49	51
50	50	50
50	50	49
49	50	50
50	50	49
50	51	50
50	50	49
50	50	50
51	50	50
50	50	50
50	49	50
50	50	50
51	50	49
50	50	51
50	50	51
50	50	50
50	49	50
50	49	51
50	51	50
50	50	50
50	50	50
49	50	50
51	50	50
50	50	50
50	50	50
50	50	49
50	50	50
50	50	50
49	50	50
50	50	50
50	50	50
50	50	50
50	51	50
51	50	50
50	50	50
50	50	49
51	50	50
50	51	49
50	50	50
50	49	51
50	51	50
50	50	50
51	50	50
51	49	51
49	50	49
50	51	49
50	51	50
50	51	51
50	50	50
50	50	50
50	50	50
50	50	49
51	51	50
49	50	50
51	49	50
50	50	51
50	49	50
50	50	50
49	49	50
51	50	50
50	51	50
50	50	51
50	51	50
50	50	51
50	50	50
50	50	50
49	50	50
49	50	50
50	51	50
50	50	49
50	50	50
50	50	50
50	50	50
50	49	50
50	50	50
51	51	50
50	51	49
50	49	50
50	50	50
49	49	49
50	51	50
50	50	50
50	49	50
50	51	50
50	50	49
50	50	50
49	51	50
49	49	50
51	50	50
50	50	50
50	50	50
50	50	50
51	50	51
50	50	50
50	50	50
50	50	50
50	49	50
51	50	50
50	50	50
50	50	50
51	50	50
49	50	50
50	51	50
50	51	50
50	50	50
50	50	50
50	50	49
50	51	51
50	49	49
50	50	50
50	50	50
49	50	49
50	50	50
50	49	51
49	50	50
50	50	50
50	50	50
49	49	50
50	49	50
50	50	51
50	51	50
50	50	51
50	50	50
50	50	50
49	50	50
50	50	50
50	50	50
50	50	50
50	50	49
51	49	50
51	50	50
50	50	50
49	49	50
50	51	49
50	50	50
50	50	50
49	51	51
50	50	50
50	50	50
50	50	51
50	50	50
50	50	49
50	50	50
51	50	50
49	49	49
51	50	50
50	51	50
50	50	51
49	49	49
51	50	50
50	50	50
50	50	51
50	50	50
50	50	50
50	50	49
51	49	50
50	51	51
49	51	50
50	50	49
50	50	51
51	50	50
50	50	50
50	51	49
51	50	50
50	50	50
50	50	50
49	50	49
50	50	50
50	50	50
50	49	50
50	50	50
50	50	50
50	50	49
50	50	50
50	50	49
51	50	50
50	50	50
50	49	51
51	49	50
50	49	50
50	49	50
50	50	50
49	50	50
50	50	50
50	50	50
50	49	49
50	50	49
50	50	50
50	50	51
50	50	49
50	49	50
50	50	49
50	49	50
50	51	50
50	50	50
50	50	50
50	50	50
51	50	50
49	51	50
50	49	48
50	51	50
50	50	51
50	50	49
50	51	49
50	50	50
50	50	51
50	50	50
50	50	50
50	50	50
50	50	50
50	50	49
49	50	49
50	50	50
51	49	49
50	50	50
50	50	50
50	49	50
51	50	50
51	49	50
50	49	50
49	50	50
50	50	50
50	49	49
50	49	51
51	50	50
50	50	50
49	49	50
50	50	49
50	50	50
50	50	50
50	50	49
50	50	50
50	50	49
51	50	50
50	50	50
50	51	50
50	49	50
50	50	50
50	50	49
50	50	50
50	50	50
50	50	50
51	50	49
50	51	50
50	50	50
49	51	50
50	50	50
51	51	49
50	50	50
50	50	50
49	51	50
49	50	50
49	50	50
51	50	50
50	50	50
50	51	50
50	51	50
50	49	50
50	51	50
50	51	50
49	49	51
51	48	50
51	50	50
50	50	50
50	50	51
49	50	49
50	51	49
50	50	50
50	51	49
51	49	50
49	50	50
50	50	50
49	51	50
49	50	49
50	50	50
50	50	50
51	50	50
50	50	49
50	51	50
50	50	51
51	51	49
50	50	49
50	50	51
50	49	50
51	51	50
50	51	51
50	50	50
50	50	49
50	50	50
50	51	51
50	50	51
50	50	49
50	50	50
50	51	50
50	50	50
50	50	51
50	50	50
50	50	50
50	50	50
50	50	50
50	50	50
50	50	50
50	51	50
50	50	50
51	50	49
50	50	50
50	50	51
50	50	50
50	49	51
51	50	50
50	50	50
49	50	50
50	51	50
50	50	50
49	49	50
50	49	50
50	50	50
50	50	50
51	50	50
51	50	49
50	50	50
50	50	50
49	50	50
49	50	51
50	50	50
51	49	50
50	50	50
50	51	51
50	50	51
51	49	50
50	51	50
51	50	50
50	49	50
50	49	50
50	50	50
50	50	51
49	50	49
49	49	50
50	50	50
50	49	50
50	50	49
51	51	50
51	50	50
50	50	51
50	50	50
50	50	50
50	49	49
50	50	51
50	50	50
49	49	50
49	50	50
51	50	50
51	50	50
50	50	50
50	50	50
50	50	50
51	50	50
50	50	50
50	50	50
49	50	51
49	50	50
49	50	50
49	50	50
50	50	50
50	50	50
49	50	50
49	50	50
50	51	50
50	50	50
50	49	49
49	51	51
50	50	50
50	50	50
50	50	50
50	50	49
50	50	50
50	49	49
50	50	50
49	51	51
50	50	49
51	50	49
50	51	49
49	50	51
50	50	50
51	50	50
50	50	50
50	50	49
50	50	51
50	50	51
51	50	50
49	50	49
50	50	50
49	50	50
50	49	50
50	50	50
50	51	50
51	51	50
49	50	50
50	50	50
50	50	50
50	51	50
50	51	50
49	51	49
49	49	50
50	51	50
50	51	50
50	50	50
50	49	50
51	50	49
50	51	49
51	50	51
50	49	50
50	51	49
49	51	50
49	50	49
50	50	50
50	50	50
50	50	50
50	51	50
51	50	49
51	50	50
50	50	50
50	50	50
50	50	49
49	50	50
50	50	51
50	50	50
48	50	49
50	51	50


