0.821196 0.920425
0.821196 0.920425
0.960537 0.980383
0.960537 0.980383
0.781990 0.877397
0.781990 0.877397
0.682818 0.859254
0.944985 0.980512
0.922758 0.978278
0.942357 0.970071
0.906173 0.952708
0.993505 0.997622
0.781469 0.895444
0.927331 0.974579
0.892184 0.930610
0.683611 0.858629
0.763405 0.904216
0.983492 0.995268
0.958633 0.981737
0.923588 0.967083
0.846557 0.938139
0.901410 0.922270
0.957946 0.978913
0.914024 0.958097
0.958633 0.981737
0.967032 0.986333
0.987247 0.995029
0.769532 0.886723
0.907523 0.968439
0.739494 0.879504
0.940041 0.977511
0.717327 0.871419
0.855952 0.937664
0.894115 0.950771
0.942335 0.978824
0.940301 0.978620
0.940041 0.977511
0.969069 0.988202
0.738398 0.865372
0.891901 0.952847
0.784847 0.902742
0.911638 0.954280
0.808522 0.906730
0.942335 0.978824
0.889664 0.942818
0.880064 0.957798
0.689113 0.860713
0.689113 0.860713
0.926299 0.969736
0.964375 0.987746
0.925448 0.966138
0.846977 0.943056
0.719628 0.872687
0.937764 0.970560
0.876827 0.947968
0.906173 0.952708
0.693971 0.857023
0.679298 0.858203
0.817327 0.903272
0.768642 0.885840
0.975691 0.988888
0.975691 0.988888
0.933579 0.970834
0.951264 0.979135
0.916076 0.963478
0.970911 0.989668
0.904542 0.962993
0.965444 0.988726
0.992888 0.997998
0.979476 0.989924
0.933579 0.970834
0.986427 0.995560
0.987988 0.994803
0.986084 0.996825
0.971528 0.990726
0.989326 0.995423
0.896494 0.969174
0.926817 0.973146
0.977876 0.992312
0.982684 0.995125
0.989190 0.995197
0.928198 0.975802
0.977876 0.992312
0.933579 0.970834
0.992888 0.997998
0.837616 0.928815
0.966344 0.985968
0.989771 0.995934
0.971467 0.990317
0.862198 0.941803
0.960612 0.981971
0.928198 0.975802
0.933579 0.970834
0.983075 0.994443
0.960612 0.981971
0.876041 0.944003
0.951264 0.979135
0.971467 0.990317
0.684748 0.860721
0.701792 0.859922
0.992888 0.997998
0.989190 0.995197
0.972138 0.989183
0.933579 0.970834
0.951264 0.979135
0.927072 0.966814
0.844345 0.944452
0.743508 0.898627
0.951264 0.979135
0.915284 0.961678
0.990109 0.995880
0.989326 0.995423
0.850932 0.928893
0.947143 0.970123
0.980292 0.993143
0.971291 0.991852
0.939269 0.961328
0.875291 0.944838
0.892216 0.956214
0.871870 0.929841
0.989326 0.995423
0.967022 0.987993
0.913217 0.964038
0.884867 0.949716
0.694990 0.863008
0.951264 0.979135
0.863415 0.941680
0.989326 0.995423
0.932154 0.973906
0.989326 0.995423
0.923765 0.972229
0.738801 0.881854
0.947834 0.981353
0.951264 0.979135
0.740473 0.885606
0.875002 0.935795
0.989326 0.995423
0.887204 0.938008
0.958235 0.986470
0.916076 0.963478
0.968070 0.986551
0.988760 0.995650
0.694018 0.864199
0.718027 0.865495
0.966594 0.990151
0.986592 0.995002
0.971571 0.988622
0.989326 0.995423
0.989326 0.995423
0.951264 0.979135
0.987184 0.997128
0.979477 0.991472
0.951264 0.979135
0.987819 0.995876
0.975691 0.988888
0.970022 0.991102
0.951264 0.979135
0.989326 0.995423
0.955743 0.983628
0.947847 0.978236
0.933026 0.975373
0.787669 0.881799
0.968218 0.987018
0.976293 0.991326
0.975691 0.988888
0.951264 0.979135
0.989326 0.995423
0.975691 0.988888
0.916914 0.967443
0.975691 0.988888
0.705117 0.860789
0.916076 0.963478
0.975198 0.993462
0.975198 0.993462
0.912490 0.965710
0.933579 0.970834
0.916076 0.963478
0.987819 0.995876
0.975691 0.988888
0.961748 0.982797
0.730239 0.881694
0.902020 0.938287
0.696156 0.862792
0.975691 0.988888
0.954410 0.988667
0.947847 0.978236
0.687232 0.859323
0.778297 0.883976
0.845292 0.927430
0.989326 0.995423
0.931459 0.972183
0.916076 0.963478
0.986158 0.995945
0.985682 0.994876
0.992761 0.997739
0.979477 0.991472
0.944669 0.984006
0.993382 0.998736
0.709922 0.866005
0.989793 0.997752
0.967736 0.988623
0.975489 0.990706
0.967736 0.988623
0.985682 0.994876
0.718027 0.865495
0.979477 0.991472
0.949268 0.975641
0.905419 0.961413
0.984424 0.995523
0.978967 0.991470
0.975978 0.992115
0.989793 0.997752
0.983113 0.993049
0.983652 0.994175
0.983113 0.993049
0.959221 0.982566
0.914406 0.960354
0.969442 0.988836
0.983178 0.992606
0.975412 0.992182
0.989793 0.997752
0.983652 0.994175
0.942503 0.975746
0.782444 0.909814
0.681284 0.858218
0.941006 0.974950
0.962664 0.986343
0.845586 0.937536
0.975978 0.992115
0.807026 0.858273
0.975412 0.992182
0.983113 0.993049
0.984799 0.995257
0.744780 0.867057
0.893887 0.958779
0.693335 0.862268
0.790418 0.911351
0.905873 0.962306
0.874404 0.944560
0.873339 0.952194
0.832247 0.934899
0.685677 0.860933
0.979476 0.989924
0.812599 0.916620
0.992761 0.997739
0.711472 0.867116
0.873339 0.952194
0.979642 0.993408
0.728946 0.881154
0.837580 0.927483
0.989793 0.997752
0.979476 0.989924
0.934925 0.977439
0.712728 0.866642
0.983113 0.993049
0.712488 0.875628
0.687656 0.859502
0.979642 0.993408
0.979476 0.989924
0.989793 0.997752
0.843158 0.933142
0.979476 0.989924
0.979476 0.989924
0.992761 0.997739
0.992761 0.997739
0.732882 0.880167
0.992761 0.997739
0.992761 0.997739
0.992761 0.997739
0.718027 0.865495
0.980674 0.992493
0.984416 0.995745
0.967159 0.985521
0.945825 0.979066
0.986286 0.996308
0.986084 0.996825
0.741589 0.893845
0.967736 0.988623
0.682185 0.858895
0.968998 0.985493
0.681273 0.858028
0.979476 0.989924
0.868756 0.930002
0.944722 0.978809
0.968824 0.993646
0.922631 0.960760
0.948908 0.967647
0.840351 0.917671
0.975412 0.992182
0.955218 0.986073
0.689723 0.861362
0.913874 0.961959
0.679613 0.857174
0.732566 0.858873
0.926691 0.962451
0.946883 0.979713
0.907584 0.964222
0.889803 0.957749
0.793270 0.909146
0.891343 0.952258
0.707562 0.864567
0.964379 0.987349
0.719880 0.873293
0.718027 0.865495
0.695464 0.862774
0.816964 0.887935
0.748843 0.885165
0.782482 0.870945
0.723317 0.871478
0.838532 0.912002
0.840537 0.899058
0.934073 0.970927
0.769360 0.890341
0.916440 0.973292
0.914565 0.961509
0.875809 0.946469
0.718027 0.865495
0.967773 0.984761
0.916717 0.975444
0.878546 0.943334
0.826394 0.936100
0.797768 0.914340
0.928398 0.965617
0.713448 0.876989
0.850434 0.935495
0.959483 0.986423
0.979476 0.989924
0.985983 0.994623
0.983826 0.995447
0.990243 0.996980
0.985905 0.995293
0.971560 0.984572
0.986100 0.995696
0.981771 0.991394
0.979476 0.989924
0.880119 0.948676
0.691963 0.860459
0.975489 0.990706
0.952623 0.985577
0.988281 0.992033
0.990093 0.995814
0.987720 0.996859
0.979476 0.989924
0.988281 0.992033
0.971268 0.988440
0.718027 0.865495
0.987046 0.995563
0.903782 0.962128
0.987046 0.995563
0.979476 0.989924
0.967736 0.988623
0.979476 0.989924
0.975489 0.990706
0.967736 0.988623
0.971344 0.989993
0.924050 0.971152
0.924714 0.968769
0.979476 0.989924
0.967736 0.988623
0.977660 0.991793
0.988281 0.992033
0.979476 0.989924
0.914614 0.969001
0.739392 0.861707
0.979476 0.989924
0.977660 0.991793
0.947646 0.974329
0.988281 0.992033
0.975179 0.990703
0.725435 0.873306
0.684096 0.858584
0.975489 0.990706
0.693471 0.864447
0.888895 0.927996
0.692498 0.859602
0.967736 0.988623
0.979476 0.989924
0.975489 0.990706
0.902268 0.946531
0.975179 0.990703
0.979476 0.989924
0.753873 0.873927
0.690034 0.858918
0.967736 0.988623
0.684781 0.859684
0.742989 0.883830
0.967736 0.988623
0.769853 0.886666
0.965780 0.983953
0.902392 0.964090
0.793437 0.894846
0.938810 0.968482
0.791532 0.902876
0.985983 0.994623
0.985682 0.994876
0.987046 0.995563
0.910337 0.959612
0.985682 0.994876
0.935651 0.969800
0.930363 0.974427
0.702374 0.859646
0.982449 0.989934
0.825492 0.927227
0.971560 0.984572
0.967736 0.988623
0.692245 0.862780
0.983168 0.995626
0.979476 0.989924
0.985682 0.994876
0.702961 0.859977
0.989492 0.997112
0.991241 0.997199
0.969931 0.989590
0.930251 0.973522
0.967736 0.988623
0.987046 0.995563
0.932262 0.970390
0.985983 0.994623
0.987046 0.995563
0.986084 0.996825
0.995851 0.999138
0.983909 0.995853
0.985983 0.994623
0.979476 0.989924
0.818031 0.917560
0.979476 0.989924
0.985983 0.994623
0.985682 0.994876
0.987046 0.995563
0.979476 0.989924
0.979476 0.989924
0.928066 0.971113
0.983909 0.995853
0.882841 0.942192
0.745070 0.857179
0.692006 0.861919
0.985983 0.994623
0.979476 0.989924
0.987046 0.995563
0.985682 0.994876
0.974639 0.992550
0.985983 0.994623
0.985682 0.994876
0.987046 0.995563
0.985983 0.994623
0.701153 0.863061
0.890851 0.957728
0.701153 0.863061
0.745070 0.857179
0.979476 0.989924
0.985682 0.994876
0.938771 0.944617
0.985682 0.994876
0.987046 0.995563
0.681309 0.857673
0.979476 0.989924
0.865351 0.951285
0.987046 0.995563
0.950175 0.982994
0.970179 0.989719
0.949424 0.974108
0.957103 0.981728
0.979908 0.990375
0.691069 0.862744
0.952725 0.983568
0.979476 0.989924
0.783074 0.902066
0.818611 0.927365
0.841525 0.936454
0.985983 0.994623
0.985682 0.994876
0.987046 0.995563
0.985842 0.995233
0.894854 0.956962
0.970986 0.989339
0.996207 0.999104
0.988105 0.994680
0.967736 0.988623
0.972920 0.991470
0.718027 0.865495
0.950730 0.977745
0.967736 0.988623
0.970986 0.989339
0.985983 0.994623
0.885589 0.947655
0.890645 0.946297
0.983168 0.995626
0.998028 0.999738
0.989492 0.997112
0.692245 0.862780
0.718027 0.865495
0.985682 0.994876
0.952707 0.980985
0.979382 0.983979
0.989492 0.997112
0.986084 0.996825
0.983168 0.995626
0.970986 0.989339
0.951545 0.976555
0.705164 0.870408
0.970986 0.989339
0.925380 0.968962
0.967736 0.988623
0.985983 0.994623
0.889595 0.951864
0.987076 0.993284
0.967978 0.988970
0.983168 0.995626
0.985682 0.994876
0.986084 0.996825
0.974583 0.993203
0.985682 0.994876
0.971268 0.988440
0.967736 0.988623
0.718027 0.865495
0.941052 0.978637
0.967736 0.988623
0.967736 0.988623
0.869923 0.888060
0.983168 0.995626
0.718027 0.865495
0.718027 0.865495
0.990292 0.996540
0.968304 0.988900
0.985682 0.994876
0.981771 0.991394
0.718027 0.865495
0.979476 0.989924
0.718027 0.865495
0.970986 0.989339
0.718027 0.865495
0.970986 0.989339
0.986084 0.996825
0.970986 0.989339
0.966993 0.988328
0.964376 0.987012
0.984978 0.991470
0.986084 0.996825
0.966456 0.989912
0.967736 0.988623
0.851524 0.928877
0.986158 0.995945